600060
600100
600110
600118
600130
600171
600183
600198
600203
600237
600288
600330
600345
600353
600360
600363
600405
600435
600460
600498
600552
600562
600563
600584
600601
600699
600703
600707
600745
600764
600775
600776
600839
600877
600884
600888
600990
601138
601231
601869
603002
603005
603019
603023
603025
603042
603052
603068
603072
603083
603106
603115
603118
603124
603160
603175
603186
603228
603236
603267
603290
603293
603296
603327
603328
603341
603375
603380
603386
603390
603435
603459
603486
603496
603501
603516
603595
603633
603659
603660
603662
603678
603712
603738
603773
603803
603890
603893
603906
603920
603933
603936
603986
603989
605058
605111
605118
605218
605258
605358
605376
605588
688002
688005
688007
688008
688011
688019
688020
688025
688027
688035
688036
688041
688047
688048
688049
688055
688079
688080
688081
688093
688100
688103
688107
688110
688123
688126
688132
688135
688138
688143
688146
688148
688150
688153
688159
688167
688169
688172
688175
688181
688182
688183
688184
688195
688205
688208
688209
688210
688216
688220
688230
688233
688234
688249
688260
688261
688268
688270
688272
688275
688282
688286
688288
688300
688307
688311
688313
688322
688326
688332
688347
688352
688362
688371
688375
688378
688380
688381
688385
688387
688388
688396
688400
688401
688403
688416
688418
688432
688439
688450
688458
688469
688475
688489
688496
688498
688511
688512
688519
688522
688525
688530
688533
688535
688538
688539
688545
688548
688549
688552
688582
688584
688591
688592
688595
688601
688603
688608
688609
688618
688620
688629
688635
688636
688653
688655
688661
688662
688665
688667
688668
688683
688689
688693
688696
688707
688709
688711
688720
688721
688727
688728
688733
688766
688775
688776
688778
688779
688781
688783
688788
688790
688795
688797
688798
688800
688802
688807
688809
688820
688981
689009
000016
000020
000021
000045
000050
000063
000066
000070
000100
000509
000536
000547
000561
000576
000636
000725
000727
000733
000801
000810
000823
000938
000970
000977
000988
001229
001267
001270
001285
001308
001309
001314
001339
001373
001388
001389
001399
002017
002025
002036
002045
002049
002052
002055
002077
002079
002104
002106
002119
002130
002134
002138
002151
002152
002156
002161
002179
002180
002185
002189
002194
002199
002213
002214
002217
002222
002236
002241
002273
002281
002289
002313
002351
002362
002369
002376
002383
002384
002387
002388
002396
002402
002413
002414
002415
002426
002429
002436
002446
002449
002456
002463
002465
002475
002484
002512
002519
002528
002552
002577
002579
002583
002587
002600
002635
002636
002655
002660
002681
002709
002729
002741
002766
002782
002792
002796
002805
002806
002813
002815
002835
002841
002845
002848
002855
002859
002861
002866
002869
002876
002881
002885
002888
002902
002906
002913
002916
002920
002925
002935
002937
002938
002947
002952
002955
002960
002962
002972
002977
002981
002983
002992
002993
003015
003019
003026
003028
003031
003040
300035
300037
300042
300045
300046
300053
300054
300065
300073
300076
300077
300078
300079
300088
300102
300115
300120
300123
300127
300128
300134
300136
300155
300162
300177
300205
300211
300213
300219
300220
300223
300227
300232
300236
300241
300256
300269
300270
300279
300296
300301
300303
300308
300319
300322
300323
300327
300331
300340
300346
300351
300353
300373
300389
300390
300394
300397
300408
300409
300414
300433
300449
300455
300456
300458
300460
300474
300476
300489
300502
300504
300516
300531
300543
300546
300548
300552
300555
300563
300565
300566
300570
300571
300576
300581
300582
300590
300602
300615
300620
300623
300627
300628
300629
300638
300647
300656
300657
300661
300666
300672
300679
300684
300686
300689
300691
300698
300701
300706
300708
300709
300710
300711
300726
300735
300739
300743
300747
300752
300762
300769
300782
300787
300790
300793
300802
300807
300811
300814
300822
300828
300831
300835
300842
300843
300847
300852
300857
300866
300870
300884
300903
300909
300916
300919
300936
300939
300940
300951
300956
300964
300965
300968
300976
300991
301002
301021
301041
301042
301045
301050
301051
301067
301086
301106
301123
301132
301135
301141
301150
301152
301157
301165
301176
301180
301182
301183
301189
301191
301205
301217
301251
301275
301280
301282
301285
301308
301314
301318
301319
301321
301326
301328
301329
301330
301348
301358
301366
301379
301383
301387
301389
301391
301413
301419
301458
301479
301486
301488
301489
301491
301503
301511
301516
301517
301531
301536
301566
301567
301571
301577
301578
301589
301600
301606
301608
301611
301622
301626
301628
301630
301631
301666
301678
301682
301687
302132
